Freq.	V(n001)
1.00000000000000e+00	9.99984414224309e-01,-6.28453872465654e-03
1.02329299228075e+00	9.99982553338262e-01,-6.43091247200728e-03
1.04712854805090e+00	9.99980604758780e-01,-6.58069484627037e-03
1.07151930523761e+00	9.99978564353714e-01,-6.73396518337655e-03
1.09647819614318e+00	9.99976427796242e-01,-6.89080466285179e-03
1.12201845430196e+00	9.99974190555702e-01,-7.05129635044799e-03
1.14815362149688e+00	9.99971847887990e-01,-7.21552524174349e-03
1.17489755493953e+00	9.99969394825512e-01,-7.38357830673495e-03
1.20226443461741e+00	9.99966826166658e-01,-7.55554453544313e-03
1.23026877081238e+00	9.99964136464783e-01,-7.73151498455238e-03
1.25892541179417e+00	9.99961320016668e-01,-7.91158282510845e-03
1.28824955169313e+00	9.99958370850444e-01,-8.09584339129361e-03
1.31825673855641e+00	9.99955282712939e-01,-8.28439423030685e-03
1.34896288259165e+00	9.99952049056435e-01,-8.47733515336671e-03
1.38038426460288e+00	9.99948663024805e-01,-8.67476828786589e-03
1.41253754462275e+00	9.99945117438994e-01,-8.87679813069727e-03
1.44543977074593e+00	9.99941404781814e-01,-9.08353160277769e-03
1.47910838816821e+00	9.99937517182033e-01,-9.29507810479598e-03
1.51356124843621e+00	9.99933446397711e-01,-9.51154957420511e-03
1.54881661891248e+00	9.99929183798751e-01,-9.73306054348902e-03
1.58489319246111e+00	9.99924720348633e-01,-9.95972819972855e-03
1.62181009735893e+00	9.99920046585290e-01,-1.01916724454898e-02
1.65958690743756e+00	9.99915152601085e-01,-1.04290159610643e-02
1.69824365246174e+00	9.99910028021844e-01,-1.06718842680877e-02
1.73780082874937e+00	9.99904661984909e-01,-1.09204057945612e-02
1.77827941003892e+00	9.99899043116159e-01,-1.11747119413054e-02
1.81970085860998e+00	9.99893159505952e-01,-1.14349371498735e-02
1.86208713666287e+00	9.99886998683933e-01,-1.17012189719503e-02
1.90546071796325e+00	9.99880547592668e-01,-1.19736981402666e-02
1.94984459975804e+00	9.99873792560038e-01,-1.22525186410558e-02
1.99526231496888e+00	9.99866719270331e-01,-1.25378277880800e-02
2.04173794466953e+00	9.99859312733984e-01,-1.28297762982575e-02
2.08929613085404e+00	9.99851557255913e-01,-1.31285183689148e-02
2.13796208950223e+00	9.99843436402341e-01,-1.34342117566967e-02
2.18776162394955e+00	9.99834932966086e-01,-1.37470178581566e-02
2.23872113856834e+00	9.99826028930214e-01,-1.40671017920624e-02
2.29086765276777e+00	9.99816705429997e-01,-1.43946324834416e-02
2.34422881531992e+00	9.99806942713078e-01,-1.47297827493917e-02
2.39883291901949e+00	9.99796720097782e-01,-1.50727293866907e-02
2.45470891568503e+00	9.99786015929471e-01,-1.54236532612273e-02
2.51188643150958e+00	9.99774807534852e-01,-1.57827393992809e-02
2.57039578276886e+00	9.99763071174158e-01,-1.61501770806820e-02
2.63026799189538e+00	9.99750781991086e-01,-1.65261599338698e-02
2.69153480392691e+00	9.99737913960393e-01,-1.69108860328815e-02
2.75422870333816e+00	9.99724439833050e-01,-1.73045579962909e-02
2.81838293126445e+00	9.99710331078834e-01,-1.77073830881247e-02
2.88403150312660e+00	9.99695557826228e-01,-1.81195733207764e-02
2.95120922666638e+00	9.99680088799538e-01,-1.85413455599405e-02
3.01995172040201e+00	9.99663891253056e-01,-1.89729216315850e-02
3.09029543251359e+00	9.99646930902165e-01,-1.94145284309866e-02
3.16227766016837e+00	9.99629171851232e-01,-1.98663980338367e-02
3.23593656929628e+00	9.99610576518144e-01,-2.03287678094443e-02
3.31131121482591e+00	9.99591105555327e-01,-2.08018805360387e-02
3.38844156139202e+00	9.99570717767096e-01,-2.12859845181936e-02
3.46736850452531e+00	9.99549370023164e-01,-2.17813337063701e-02
3.54813389233575e+00	9.99527017168127e-01,-2.22881878185974e-02
3.63078054770101e+00	9.99503611926751e-01,-2.28068124642816e-02
3.71535229097172e+00	9.99479104804869e-01,-2.33374792701547e-02
3.80189396320560e+00	9.99453443985673e-01,-2.38804660083504e-02
3.89045144994280e+00	9.99426575221216e-01,-2.44360567266062e-02
3.98107170553496e+00	9.99398441718884e-01,-2.50045418805775e-02
4.07380277804112e+00	9.99368984022620e-01,-2.55862184682470e-02
4.16869383470335e+00	9.99338139888663e-01,-2.61813901664107e-02
4.26579518801592e+00	9.99305844155551e-01,-2.67903674692151e-02
4.36515832240165e+00	9.99272028608133e-01,-2.74134678287067e-02
4.46683592150962e+00	9.99236621835310e-01,-2.80510157973658e-02
4.57088189614874e+00	9.99199549081241e-01,-2.87033431725684e-02
4.67735141287197e+00	9.99160732089707e-01,-2.93707891429326e-02
4.78630092322637e+00	9.99120088941333e-01,-3.00537004364821e-02
4.89778819368445e+00	9.99077533883346e-01,-3.07524314705614e-02
5.01187233627271e+00	9.99032977151542e-01,-3.14673445034190e-02
5.12861383991364e+00	9.98986324784119e-01,-3.21988097873759e-02
5.24807460249771e+00	9.98937478427008e-01,-3.29472057234714e-02
5.37031796370252e+00	9.98886335130330e-01,-3.37129190174818e-02
5.49540873857623e+00	9.98832787135605e-01,-3.44963448371813e-02
5.62341325190348e+00	9.98776721653279e-01,-3.52978869707072e-02
5.75439937337156e+00	9.98718020630180e-01,-3.61179579858808e-02
5.88843655355588e+00	9.98656560506443e-01,-3.69569793903083e-02
6.02559586074356e+00	9.98592211961461e-01,-3.78153817920771e-02
6.16595001861481e+00	9.98524839648386e-01,-3.86936050608457e-02
6.30957344480192e+00	9.98454301916693e-01,-3.95920984890976e-02
6.45654229034654e+00	9.98380450522298e-01,-4.05113209533153e-02
6.60693448007594e+00	9.98303130324699e-01,-4.14517410748076e-02
6.76082975391980e+00	9.98222178970609e-01,-4.24138373798892e-02
6.91830970918935e+00	9.98137426563493e-01,-4.33980984591056e-02
7.07945784384136e+00	9.98048695318447e-01,-4.44050231251395e-02
7.24435960074988e+00	9.97955799201795e-01,-4.54351205690374e-02
7.41310241300916e+00	9.97858543554792e-01,-4.64889105143302e-02
7.58577575029182e+00	9.97756724700781e-01,-4.75669233686163e-02
7.76247116628690e+00	9.97650129535136e-01,-4.86697003721173e-02
7.94328234724279e+00	9.97538535097301e-01,-4.97977937426868e-02
8.12830516164097e+00	9.97421708124232e-01,-5.09517668167106e-02
8.31763771102669e+00	9.97299404584488e-01,-5.21321941852880e-02
8.51138038202374e+00	9.97171369192242e-01,-5.33396618250369e-02
8.70963589956078e+00	9.97037334900431e-01,-5.45747672228176e-02
8.91250938133743e+00	9.96897022372260e-01,-5.58381194936090e-02
9.12010839355907e+00	9.96750139430248e-01,-5.71303394907164e-02
9.33254300796988e+00	9.96596380481991e-01,-5.84520599074312e-02
9.54992586021433e+00	9.96435425921797e-01,-5.98039253691838e-02
9.77237220955808e+00	9.96266941507325e-01,-6.11865925151838e-02
9.99999999999997e+00	9.96090577710364e-01,-6.26007300684374e-02
1.02329299228075e+01	9.95905969040853e-01,-6.40470188929738e-02
1.04712854805090e+01	9.95712733343239e-01,-6.55261520370263e-02
1.07151930523760e+01	9.95510471064271e-01,-6.70388347608077e-02
1.09647819614318e+01	9.95298764491302e-01,-6.85857845474448e-02
1.12201845430196e+01	9.95077176960186e-01,-7.01677310955219e-02
1.14815362149688e+01	9.94845252031845e-01,-7.17854162915832e-02
1.17489755493953e+01	9.94602512636576e-01,-7.34395941608278e-02
1.20226443461741e+01	9.94348460185210e-01,-7.51310307941107e-02
1.23026877081238e+01	9.94082573646194e-01,-7.68605042492455e-02
1.25892541179416e+01	9.93804308587738e-01,-7.86288044244544e-02
1.28824955169313e+01	9.93513096184150e-01,-8.04367329016890e-02
1.31825673855640e+01	9.93208342185543e-01,-8.22851027573852e-02
1.34896288259165e+01	9.92889425850114e-01,-8.41747383380684e-02
1.38038426460288e+01	9.92555698838256e-01,-8.61064749980489e-02
1.41253754462275e+01	9.92206484067800e-01,-8.80811587962977e-02
1.44543977074592e+01	9.91841074529785e-01,-9.00996461493902e-02
1.47910838816820e+01	9.91458732064185e-01,-9.21628034372338e-02
1.51356124843620e+01	9.91058686095140e-01,-9.42715065580905e-02
1.54881661891248e+01	9.90640132325347e-01,-9.64266404292093e-02
1.58489319246111e+01	9.90202231389343e-01,-9.86290984291643e-02
1.62181009735892e+01	9.89744107465610e-01,-1.00879781777773e-01
1.65958690743755e+01	9.89264846847510e-01,-1.03179598849252e-01
1.69824365246174e+01	9.88763496473297e-01,-1.05529464414019e-01
1.73780082874937e+01	9.88239062415596e-01,-1.07930298804311e-01
1.77827941003892e+01	9.87690508330970e-01,-1.10383026998542e-01
1.81970085860998e+01	9.87116753870459e-01,-1.12888577619072e-01
1.86208713666286e+01	9.86516673052192e-01,-1.15447881837780e-01
1.90546071796324e+01	9.85889092597521e-01,-1.18061872183603e-01
1.94984459975804e+01	9.85232790232409e-01,-1.20731481245895e-01
1.99526231496887e+01	9.84546492956208e-01,-1.23457640267238e-01
2.04173794466952e+01	9.83828875280314e-01,-1.26241277619007e-01
2.08929613085403e+01	9.83078557439663e-01,-1.29083317152821e-01
2.13796208950222e+01	9.82294103580475e-01,-1.31984676420639e-01
2.18776162394954e+01	9.81474019928208e-01,-1.34946264756093e-01
2.23872113856833e+01	9.80616752940207e-01,-1.37968981209385e-01
2.29086765276776e+01	9.79720687448208e-01,-1.41053712327818e-01
2.34422881531991e+01	9.78784144796466e-01,-1.44201329773866e-01
2.39883291901948e+01	9.77805380982035e-01,-1.47412687772469e-01
2.45470891568502e+01	9.76782584804521e-01,-1.50688620379084e-01
2.51188643150957e+01	9.75713876033412e-01,-1.54029938559931e-01
2.57039578276885e+01	9.74597303602077e-01,-1.57437427075704e-01
2.63026799189537e+01	9.73430843838404e-01,-1.60911841160082e-01
2.69153480392690e+01	9.72212398743157e-01,-1.64453902984291e-01
2.75422870333815e+01	9.70939794328184e-01,-1.68064297899081e-01
2.81838293126444e+01	9.69610779027788e-01,-1.71743670445663e-01
2.88403150312659e+01	9.68223022197830e-01,-1.75492620127263e-01
2.95120922666637e+01	9.66774112718410e-01,-1.79311696933399e-01
3.01995172040200e+01	9.65261557717351e-01,-1.83201396609297e-01
3.09029543251358e+01	9.63682781433176e-01,-1.87162155663438e-01
3.16227766016837e+01	9.62035124237714e-01,-1.91194346106867e-01
3.23593656929627e+01	9.60315841840069e-01,-1.95298269918717e-01
3.31131121482590e+01	9.58522104695261e-01,-1.99474153233304e-01
3.38844156139201e+01	9.56650997642520e-01,-2.03722140245318e-01
3.46736850452530e+01	9.54699519799851e-01,-2.08042286830917e-01
3.54813389233574e+01	9.52664584743248e-01,-2.12434553884035e-01
3.63078054770100e+01	9.50543021000577e-01,-2.16898800368947e-01
3.71535229097171e+01	9.48331572891876e-01,-2.21434776092121e-01
3.80189396320559e+01	9.46026901749497e-01,-2.26042114198535e-01
3.89045144994279e+01	9.43625587553093e-01,-2.30720323400185e-01
3.98107170553495e+01	9.41124131016019e-01,-2.35468779947224e-01
4.07380277804111e+01	9.38518956161123e-01,-2.40286719355243e-01
4.16869383470333e+01	9.35806413425210e-01,-2.45173227905560e-01
4.26579518801591e+01	9.32982783332544e-01,-2.50127233939096e-01
4.36515832240164e+01	9.30044280778688e-01,-2.55147498968343e-01
4.46683592150961e+01	9.26987059966566e-01,-2.60232608636400e-01
4.57088189614873e+01	9.23807220036992e-01,-2.65380963556547e-01
4.67735141287196e+01	9.20500811435839e-01,-2.70590770070994e-01
4.78630092322636e+01	9.17063843059603e-01,-2.75860030972582e-01
4.89778819368444e+01	9.13492290220123e-01,-2.81186536238957e-01
5.01187233627270e+01	9.09782103467809e-01,-2.86567853834508e-01
5.12861383991362e+01	9.05929218310606e-01,-2.92001320641513e-01
5.24807460249770e+01	9.01929565863206e-01,-2.97484033588260e-01
5.37031796370250e+01	8.97779084457528e-01,-3.03012841048351e-01
5.49540873857622e+01	8.93473732241236e-01,-3.08584334591900e-01
5.62341325190346e+01	8.89009500785927e-01,-3.14194841175942e-01
5.75439937337154e+01	8.84382429720533e-01,-3.19840415867786e-01
5.88843655355586e+01	8.79588622398575e-01,-3.25516835201267e-01
6.02559586074355e+01	8.74624262599730e-01,-3.31219591271977e-01
6.16595001861479e+01	8.69485632257234e-01,-3.36943886682911e-01
6.30957344480190e+01	8.64169130192421e-01,-3.42684630457074e-01
6.45654229034652e+01	8.58671291826530e-01,-3.48436435037769e-01
6.60693448007593e+01	8.52988809827597e-01,-3.54193614500745e-01
6.76082975391978e+01	8.47118555637030e-01,-3.59950184104530e-01
6.91830970918933e+01	8.41057601806136e-01,-3.65699861306510e-01
7.07945784384134e+01	8.34803245057777e-01,-3.71436068371828e-01
7.24435960074986e+01	8.28353029972458e-01,-3.77151936700221e-01
7.41310241300914e+01	8.21704773181579e-01,-3.82840312992169e-01
7.58577575029180e+01	8.14856587933746e-01,-3.88493767369887e-01
7.76247116628688e+01	8.07806908882782e-01,-3.94104603560918e-01
7.94328234724277e+01	8.00554516929030e-01,-3.99664871241787e-01
8.12830516164095e+01	7.93098563928702e-01,-4.05166380626717e-01
8.31763771102667e+01	7.85438597069895e-01,-4.10600719371262e-01
8.51138038202372e+01	7.77574582698649e-01,-4.15959271843276e-01
8.70963589956076e+01	7.69506929364651e-01,-4.21233240793383e-01
8.91250938133741e+01	7.61236509844029e-01,-4.26413671434697e-01
9.12010839355905e+01	7.52764681886772e-01,-4.31491477916553e-01
9.33254300796986e+01	7.44093307428861e-01,-4.36457472149911e-01
9.54992586021431e+01	7.35224770004738e-01,-4.41302394913129e-01
9.77237220955805e+01	7.26161990094633e-01,-4.46016949136043e-01
9.99999999999995e+01	7.16908438143742e-01,-4.50591835228527e-01
1.02329299228075e+02	7.07468144996821e-01,-4.55017788286915e-01
1.04712854805089e+02	6.97845709502515e-01,-4.59285616978783e-01
1.07151930523760e+02	6.88046303056886e-01,-4.63386243873935e-01
1.09647819614318e+02	6.78075670875384e-01,-4.67310746957712e-01
1.12201845430196e+02	6.67940129806678e-01,-4.71050402032629e-01
1.14815362149688e+02	6.57646562530533e-01,-4.74596725686461e-01
1.17489755493952e+02	6.47202408014763e-01,-4.77941518480133e-01
1.20226443461741e+02	6.36615648143309e-01,-4.81076907987310e-01
1.23026877081237e+02	6.25894790467733e-01,-4.83995391300860e-01
1.25892541179416e+02	6.15048847077798e-01,-4.86689876609207e-01
1.28824955169313e+02	6.04087309632553e-01,-4.89153723438829e-01
1.31825673855640e+02	5.93020120640500e-01,-4.91380781158485e-01
1.34896288259165e+02	5.81857641125390e-01,-4.93365425346053e-01
1.38038426460288e+02	5.70610614862202e-01,-4.95102591630404e-01
1.41253754462275e+02	5.59290129414511e-01,-4.96587806638985e-01
1.44543977074592e+02	5.47907574249401e-01,-4.97817215706009e-01
1.47910838816820e+02	5.36474596247887e-01,-4.98787607026632e-01
1.51356124843620e+02	5.25003052966896e-01,-4.99496431978548e-01
1.54881661891247e+02	5.13504964042248e-01,-4.99941821373580e-01
1.58489319246110e+02	5.01992461149983e-01,-5.00122597447453e-01
1.62181009735892e+02	4.90477736965396e-01,-5.00038281445119e-01
1.65958690743755e+02	4.78972993574370e-01,-4.99689096710899e-01
1.69824365246173e+02	4.67490390800120e-01,-4.99075967246395e-01
1.73780082874936e+02	4.56041994909650e-01,-4.98200511753506e-01
1.77827941003891e+02	4.44639728158495e-01,-4.97065033233830e-01
1.81970085860997e+02	4.33295319619450e-01,-4.95672504268452e-01
1.86208713666286e+02	4.22020257721250e-01,-4.94026548152493e-01
1.90546071796323e+02	4.10825744897628e-01,-4.92131416105599e-01
1.94984459975803e+02	3.99722654715396e-01,-4.89991960822611e-01
1.99526231496887e+02	3.88721491813997e-01,-4.87613606666472e-01
2.04173794466952e+02	3.77832354948109e-01,-4.85002316838151e-01
2.08929613085403e+02	3.67064903381348e-01,-4.82164557884716e-01
2.13796208950222e+02	3.56428326832650e-01,-4.79107261927282e-01
2.18776162394954e+02	3.45931319129389e-01,-4.75837787004492e-01
2.23872113856832e+02	3.35582055673371e-01,-4.72363875934717e-01
2.29086765276776e+02	3.25388174778003e-01,-4.68693614101701e-01
2.34422881531991e+02	3.15356762888751e-01,-4.64835386563690e-01
2.39883291901947e+02	3.05494343654730e-01,-4.60797834875936e-01
2.45470891568501e+02	2.95806870777663e-01,-4.56589814001283e-01
2.51188643150956e+02	2.86299724526320e-01,-4.52220349663726e-01
2.57039578276885e+02	2.76977711770059e-01,-4.47698596476253e-01
2.63026799189536e+02	2.67845069354893e-01,-4.43033797147385e-01
2.69153480392690e+02	2.58905470619588e-01,-4.38235243041475e-01
2.75422870333815e+02	2.50162034827921e-01,-4.33312236336615e-01
2.81838293126443e+02	2.41617339276387e-01,-4.28274053991633e-01
2.88403150312659e+02	2.33273433824398e-01,-4.23129913700704e-01
2.95120922666637e+02	2.25131857585824e-01,-4.17888941981314e-01
3.01995172040200e+02	2.17193657516849e-01,-4.12560144509098e-01
3.09029543251357e+02	2.09459408635041e-01,-4.07152378781799e-01
3.16227766016836e+02	2.01929235607619e-01,-4.01674329165131e-01
3.23593656929626e+02	1.94602835453523e-01,-3.96134484345303e-01
3.31131121482589e+02	1.87479501112812e-01,-3.90541117187360e-01
3.38844156139200e+02	1.80558145648354e-01,-3.84902266975006e-01
3.46736850452529e+02	1.73837326858005e-01,-3.79225723986587e-01
3.54813389233573e+02	1.67315272090171e-01,-3.73519016343455e-01
3.63078054770099e+02	1.60989903071613e-01,-3.67789399050895e-01
3.71535229097170e+02	1.54858860572873e-01,-3.62043845138424e-01
3.80189396320558e+02	1.48919528753730e-01,-3.56289038795182e-01
3.89045144994278e+02	1.43169059048302e-01,-3.50531370387475e-01
3.98107170553494e+02	1.37604393466505e-01,-3.44776933238944e-01
4.07380277804110e+02	1.32222287205107e-01,-3.39031522049436e-01
4.16869383470332e+02	1.27019330477955e-01,-3.33300632825961e-01
4.26579518801589e+02	1.21991969490158e-01,-3.27589464198241e-01
4.36515832240163e+02	1.17136526495780e-01,-3.21902919991876e-01
4.46683592150960e+02	1.12449218892140e-01,-3.16245612934042e-01
4.57088189614872e+02	1.07926177316482e-01,-3.10621869369647e-01
4.67735141287195e+02	1.03563462722399e-01,-3.05035734869783e-01
4.78630092322635e+02	9.93570824239428e-02,-2.99490980619074e-01
4.89778819368442e+02	9.53030051046515e-02,-2.93991110473889e-01
5.01187233627268e+02	9.13971747974528e-02,-2.88539368589149e-01
5.12861383991361e+02	8.76355238484419e-02,-2.83138747517716e-01
5.24807460249769e+02	8.40139848840721e-02,-2.77791996692717e-01
5.37031796370249e+02	8.05285018068969e-02,-2.72501631209649e-01
5.49540873857620e+02	7.71750398492254e-02,-2.67269940831727e-01
5.62341325190345e+02	7.39495947181844e-02,-2.62098999148352e-01
5.75439937337152e+02	7.08482008684524e-02,-2.56990672823004e-01
5.88843655355584e+02	6.78669389412723e-02,-2.51946630873022e-01
6.02559586074353e+02	6.50019424101261e-02,-2.46968353929710e-01
6.16595001861477e+02	6.22494034745396e-02,-2.42057143432897e-01
6.30957344480188e+02	5.96055782439597e-02,-2.37214130719534e-01
6.45654229034650e+02	5.70667912540901e-02,-2.32440285970966e-01
6.60693448007591e+02	5.46294393577479e-02,-2.27736426988312e-01
6.76082975391976e+02	5.22899950316685e-02,-2.23103227769896e-01
6.91830970918931e+02	5.00450091401184e-02,-2.18541226868709e-01
7.07945784384132e+02	4.78911131949254e-02,-2.14050835511760e-01
7.24435960074984e+02	4.58250211504726e-02,-2.09632345466597e-01
7.41310241300911e+02	4.38435307706588e-02,-2.05285936643492e-01
7.58577575029177e+02	4.19435246035129e-02,-2.01011684424592e-01
7.76247116628685e+02	4.01219705973828e-02,-1.96809566713983e-01
7.94328234724275e+02	3.83759223911004e-02,-1.92679470704861e-01
8.12830516164092e+02	3.67025193087899e-02,-1.88621199362095e-01
8.31763771102664e+02	3.50989860882424e-02,-1.84634477620256e-01
8.51138038202369e+02	3.35626323701592e-02,-1.80718958298778e-01
8.70963589956073e+02	3.20908519738510e-02,-1.76874227737284e-01
8.91250938133738e+02	3.06811219832370e-02,-1.73099811155328e-01
9.12010839355902e+02	2.93310016655006e-02,-1.69395177741769e-01
9.33254300796983e+02	2.80381312430995e-02,-1.65759745479884e-01
9.54992586021428e+02	2.68002305383817e-02,-1.62192885714996e-01
9.77237220955802e+02	2.56150975084156e-02,-1.58693927472016e-01
9.99999999999991e+02	2.44806066866081e-02,-1.55262161530678e-01
1.02329299228075e+03	2.33947075458852e-02,-1.51896844266683e-01
1.04712854805089e+03	2.23554227974007e-02,-1.48597201267141e-01
1.07151930523760e+03	2.13608466371630e-02,-1.45362430728933e-01
1.09647819614318e+03	2.04091429521973e-02,-1.42191706648658e-01
1.12201845430195e+03	1.94985434964833e-02,-1.39084181812910e-01
1.14815362149687e+03	1.86273460461011e-02,-1.36038990597581e-01
1.17489755493952e+03	1.77939125420510e-02,-1.33055251584812e-01
1.20226443461740e+03	1.69966672284224e-02,-1.30132070006103e-01
1.23026877081237e+03	1.62340947925473e-02,-1.27268540019957e-01
1.25892541179416e+03	1.55047385133715e-02,-1.24463746832235e-01
1.28824955169312e+03	1.48071984232511e-02,-1.21716768667224e-01
1.31825673855640e+03	1.41401294880290e-02,-1.19026678597157e-01
1.34896288259164e+03	1.35022398094474e-02,-1.16392546237728e-01
1.38038426460287e+03	1.28922888535669e-02,-1.13813439316881e-01
1.41253754462274e+03	1.23090857082831e-02,-1.11288425123880e-01
1.44543977074591e+03	1.17514873725342e-02,-1.08816571845430e-01
1.47910838816819e+03	1.12183970796163e-02,-1.06396949795332e-01
1.51356124843619e+03	1.07087626563010e-02,-1.04028632543890e-01
1.54881661891247e+03	1.02215749194740e-02,-1.01710697953035e-01
1.58489319246110e+03	9.75586611132064e-03,-9.94422291228531e-02
1.62181009735891e+03	9.31070837424620e-03,-9.72223152549301e-02
1.65958690743754e+03	8.88521226605139e-03,-9.50500524377071e-02
1.69824365246173e+03	8.47852531596198e-03,-9.29245443587473e-02
1.73780082874936e+03	8.08983062169708e-03,-9.08449029485991e-02
1.77827941003891e+03	7.71834548782179e-03,-8.88102489606802e-02
1.81970085860997e+03	7.36332010514797e-03,-8.68197124914004e-02
1.86208713666285e+03	7.02403627117610e-03,-8.48724334444896e-02
1.90546071796323e+03	6.69980615110182e-03,-8.29675619433103e-02
1.94984459975803e+03	6.38997107910038e-03,-8.11042586947016e-02
1.99526231496886e+03	6.09390039926028e-03,-7.92816953077231e-02
2.04173794466951e+03	5.81099034559010e-03,-7.74990545704669e-02
2.08929613085402e+03	5.54066296057196e-03,-7.57555306879132e-02
2.13796208950221e+03	5.28236505123336e-03,-7.40503294836647e-02
2.18776162394953e+03	5.03556718234870e-03,-7.23826685681787e-02
2.23872113856832e+03	4.79976270556396e-03,-7.07517774760116e-02
2.29086765276775e+03	4.57446682391703e-03,-6.91568977743926e-02
2.34422881531990e+03	4.35921569069187e-03,-6.75972831453324e-02
2.39883291901947e+03	4.15356554174173e-03,-6.60721994433248e-02
2.45470891568501e+03	3.95709186044197e-03,-6.45809247305658e-02
2.51188643150955e+03	3.76938857428969e-03,-6.31227492915035e-02
2.57039578276884e+03	3.59006728224794e-03,-6.16969756284092e-02
2.63026799189535e+03	3.41875651191224e-03,-6.03029184395540e-02
2.69153480392689e+03	3.25510100555991e-03,-5.89399045814714e-02
2.75422870333814e+03	3.09876103424103e-03,-5.76072730166874e-02
2.81838293126442e+03	2.94941173888739e-03,-5.63043747482129e-02
2.88403150312658e+03	2.80674249768639e-03,-5.50305727419993e-02
2.95120922666635e+03	2.67045631865439e-03,-5.37852418384871e-02
3.01995172040198e+03	2.54026925680196e-03,-5.25677686542847e-02
3.09029543251356e+03	2.41590985472127e-03,-5.13775514749650e-02
3.16227766016835e+03	2.29711860606389e-03,-5.02140001398745e-02
3.23593656929625e+03	2.18364744087629e-03,-4.90765359198078e-02
3.31131121482588e+03	2.07525923215409e-03,-4.79645913883237e-02
3.38844156139199e+03	1.97172732265015e-03,-4.68776102874397e-02
3.46736850452528e+03	1.87283507138664e-03,-4.58150473883705e-02
3.54813389233572e+03	1.77837541904541e-03,-4.47763683479396e-02
3.63078054770097e+03	1.68815047140223e-03,-4.37610495612493e-02
3.71535229097168e+03	1.60197110037600e-03,-4.27685780111349e-02
3.80189396320557e+03	1.51965656174858e-03,-4.17984511149084e-02
3.89045144994276e+03	1.44103412901691e-03,-4.08501765688455e-02
3.98107170553493e+03	1.36593874285591e-03,-3.99232721908363e-02
4.07380277804108e+03	1.29421267532650e-03,-3.90172657615947e-02
4.16869383470331e+03	1.22570520847978e-03,-3.81316948647813e-02
4.26579518801588e+03	1.16027232664670e-03,-3.72661067263690e-02
4.36515832240161e+03	1.09777642186389e-03,-3.64200580535583e-02
4.46683592150958e+03	1.03808601201727e-03,-3.55931148735146e-02
4.57088189614870e+03	9.81075471004453e-04,-3.47848523721864e-02
4.67735141287193e+03	9.26624770624079e-04,-3.39948547334328e-02
4.78630092322633e+03	8.74619233529437e-04,-3.32227149786769e-02
4.89778819368441e+03	8.24949296901265e-04,-3.24680348072735e-02
5.01187233627267e+03	7.77510286396331e-04,-3.17304244377702e-02
5.12861383991359e+03	7.32202199836530e-04,-3.10095024502196e-02
5.24807460249767e+03	6.88929500366318e-04,-3.03048956296864e-02
5.37031796370247e+03	6.47600918617977e-04,-2.96162388110803e-02
5.49540873857618e+03	6.08129263462483e-04,-2.89431747254294e-02
5.62341325190343e+03	5.70431241070251e-04,-2.82853538477012e-02
5.75439937337150e+03	5.34427281891987e-04,-2.76424342462619e-02
5.88843655355582e+03	5.00041375150766e-04,-2.70140814340582e-02
6.02559586074351e+03	4.67200910726500e-04,-2.63999682215941e-02
6.16595001861475e+03	4.35836527826373e-04,-2.57997745717664e-02
6.30957344480186e+03	4.05881970420309e-04,-2.52131874566155e-02
6.45654229034648e+03	3.77273949017688e-04,-2.46399007160385e-02
6.60693448007588e+03	3.49952008491721e-04,-2.40796149185062e-02
6.76082975391974e+03	3.23858401777799e-04,-2.35320372238179e-02
6.91830970918928e+03	2.98937969124855e-04,-2.29968812479231e-02
7.07945784384129e+03	2.75138022707767e-04,-2.24738669298322e-02
7.24435960074981e+03	2.52408236273950e-04,-2.19627204006342e-02
7.41310241300908e+03	2.30700539790137e-04,-2.14631738546341e-02
7.58577575029174e+03	2.09969018626659e-04,-2.09749654226197e-02
7.76247116628682e+03	1.90169817309530e-04,-2.04978390472609e-02
7.94328234724272e+03	1.71261047484061e-04,-2.00315443606448e-02
8.12830516164089e+03	1.53202699998822e-04,-1.95758365639418e-02
8.31763771102661e+03	1.35956560855448e-04,-1.91304763092004e-02
8.51138038202366e+03	1.19486130945356e-04,-1.86952295832603e-02
8.70963589956070e+03	1.03756549290947e-04,-1.82698675937748e-02
8.91250938133734e+03	8.87345197661844e-05,-1.78541666573302e-02
9.12010839355898e+03	7.43882410509196e-05,-1.74479080896454e-02
9.33254300796979e+03	6.06873396752895e-05,-1.70508780978373e-02
9.54992586021424e+03	4.76028061089163e-05,-1.66628676747334e-02
9.77237220955798e+03	3.51069336513817e-05,-1.62836724952108e-02
9.99999999999987e+03	2.31732600672736e-05,-1.59130928145408e-02
1.02329299228074e+04	1.17765118256317e-05,-1.55509333687190e-02
1.04712854805089e+04	8.92550805566054e-07,-1.51970032767534e-02
1.07151930523759e+04	-9.50167654664641e-06,-1.48511159448921e-02
1.09647819614317e+04	-1.94281879218089e-05,-1.45130889727583e-02
1.12201845430195e+04	-2.89080115178153e-05,-1.41827440613745e-02
1.14815362149687e+04	-3.79612304484131e-05,-1.38599069230444e-02
1.17489755493951e+04	-4.66070251445769e-05,-1.35444071930665e-02
1.20226443461740e+04	-5.48637138201514e-05,-1.32360783432553e-02
1.23026877081237e+04	-6.27487911518876e-05,-1.29347575972379e-02
1.25892541179415e+04	-7.02789652577184e-05,-1.26402858475019e-02
1.28824955169312e+04	-7.74701929613933e-05,-1.23525075741644e-02
1.31825673855639e+04	-8.43377135059915e-05,-1.20712707654355e-02
1.34896288259164e+04	-9.08960807867255e-05,-1.17964268397460e-02
1.38038426460287e+04	-9.71591940780747e-05,-1.15278305695133e-02
1.41253754462274e+04	-1.03140327431550e-04,-1.12653400065149e-02
1.44543977074591e+04	-1.08852157739685e-04,-1.10088164088437e-02
1.47910838816819e+04	-1.14306791528285e-04,-1.07581241694144e-02
1.51356124843619e+04	-1.19515790579191e-04,-1.05131307459945e-02
1.54881661891246e+04	-1.24490196371366e-04,-1.02737065927322e-02
1.58489319246109e+04	-1.29240553437659e-04,-1.00397250931519e-02
1.62181009735891e+04	-1.33776931689555e-04,-9.81106249459101e-03
1.65958690743754e+04	-1.38108947687632e-04,-9.58759784405231e-03
1.69824365246172e+04	-1.42245785040655e-04,-9.36921292543956e-03
1.73780082874935e+04	-1.46196213788514e-04,-9.15579219815721e-03
1.77827941003890e+04	-1.49968609013873e-04,-8.94722273703944e-03
1.81970085860996e+04	-1.53570968534010e-04,-8.74339417359048e-03
1.86208713666284e+04	-1.57010929845023e-04,-8.54419863850390e-03
1.90546071796322e+04	-1.60295786304731e-04,-8.34953070543863e-03
1.94984459975802e+04	-1.63432502542143e-04,-8.15928733602645e-03
1.99526231496885e+04	-1.66427729238005e-04,-7.97336782608355e-03
2.04173794466950e+04	-1.69287817188980e-04,-7.79167375300609e-03
2.08929613085401e+04	-1.72018830777241e-04,-7.61410892432028e-03
2.13796208950220e+04	-1.74626560778494e-04,-7.44057932736967e-03
2.18776162394952e+04	-1.77116536676884e-04,-7.27099308010771e-03
2.23872113856831e+04	-1.79494038325217e-04,-7.10526038298274e-03
2.29086765276774e+04	-1.81764107182402e-04,-6.94329347188232e-03
2.34422881531989e+04	-1.83931556944534e-04,-6.78500657212512e-03
2.39883291901946e+04	-1.86000983779530e-04,-6.63031585346739e-03
2.45470891568500e+04	-1.87976776048922e-04,-6.47913938611342e-03
2.51188643150954e+04	-1.89863123609425e-04,-6.33139709769937e-03
2.57039578276883e+04	-1.91664026694538e-04,-6.18701073123726e-03
2.63026799189534e+04	-1.93383304374835e-04,-6.04590380399312e-03
2.69153480392688e+04	-1.95024602684303e-04,-5.90800156728268e-03
2.75422870333813e+04	-1.96591402314304e-04,-5.77323096716305e-03
2.81838293126441e+04	-1.98087026010287e-04,-5.64152060600248e-03
2.88403150312656e+04	-1.99514645594557e-04,-5.51280070490986e-03
2.95120922666634e+04	-2.00877288721981e-04,-5.38700306699988e-03
3.01995172040197e+04	-2.02177845264737e-04,-5.26406104148545e-03
3.09029543251354e+04	-2.03419073454458e-04,-5.14390948856932e-03
3.16227766016833e+04	-2.04603605722811e-04,-5.02648474512671e-03
3.23593656929623e+04	-2.05733954298264e-04,-4.91172459115074e-03
3.31131121482586e+04	-2.06812516496081e-04,-4.79956821695922e-03
3.38844156139197e+04	-2.07841579849982e-04,-4.68995619112669e-03
3.46736850452526e+04	-2.08823326916316e-04,-4.58283042914717e-03
3.54813389233570e+04	-2.09759839917992e-04,-4.47813416279269e-03
3.63078054770096e+04	-2.10653105192453e-04,-4.37581191016116e-03
3.71535229097167e+04	-2.11505017338138e-04,-4.27580944640615e-03
3.80189396320555e+04	-2.12317383297564e-04,-4.17807377511075e-03
3.89045144994275e+04	-2.13091926133789e-04,-4.08255310032057e-03
3.98107170553491e+04	-2.13830288737036e-04,-3.98919679919256e-03
4.07380277804107e+04	-2.14534037266677e-04,-3.89795539527103e-03
4.16869383470329e+04	-2.15204664483073e-04,-3.80878053235990e-03
4.26579518801586e+04	-2.15843592933743e-04,-3.72162494898236e-03
4.36515832240159e+04	-2.16452177954931e-04,-3.63644245342092e-03
4.46683592150956e+04	-2.17031710566642e-04,-3.55318789931462e-03
4.57088189614868e+04	-2.17583420156619e-04,-3.47181716181830e-03
4.67735141287191e+04	-2.18108477164358e-04,-3.39228711428218e-03
4.78630092322631e+04	-2.18607995516137e-04,-3.31455560547257e-03
4.89778819368439e+04	-2.19083034996339e-04,-3.23858143730308e-03
5.01187233627264e+04	-2.19534603510438e-04,-3.16432434306544e-03
5.12861383991357e+04	-2.19963659225127e-04,-3.09174496615345e-03
5.24807460249764e+04	-2.20371112587413e-04,-3.02080483927365e-03
5.37031796370244e+04	-2.20757828268546e-04,-2.95146636411965e-03
5.49540873857616e+04	-2.21124627017790e-04,-2.88369279150590e-03
5.62341325190340e+04	-2.21472287358523e-04,-2.81744820196191e-03
5.75439937337148e+04	-2.21801547309039e-04,-2.75269748674902e-03
5.88843655355580e+04	-2.22113105903878e-04,-2.68940632932275e-03
6.02559586074348e+04	-2.22407624704868e-04,-2.62754118720745e-03
6.16595001861472e+04	-2.22685729184176e-04,-2.56706927428714e-03
6.30957344480183e+04	-2.22948010119223e-04,-2.50795854348609e-03
6.45654229034645e+04	-2.23195024768970e-04,-2.45017766986784e-03
6.60693448007586e+04	-2.23427298125084e-04,-2.39369603409089e-03
6.76082975391971e+04	-2.23645324015138e-04,-2.33848370625864e-03
6.91830970918925e+04	-2.23849566149963e-04,-2.28451143013365e-03
7.07945784384127e+04	-2.24040459140373e-04,-2.23175060770624e-03
7.24435960074979e+04	-2.24218409401854e-04,-2.18017328412669e-03
7.41310241300906e+04	-2.24383796067772e-04,-2.12975213296639e-03
7.58577575029172e+04	-2.24536971762867e-04,-2.08046044183643e-03
7.76247116628679e+04	-2.24678263404967e-04,-2.03227209831645e-03
7.94328234724269e+04	-2.24807972880486e-04,-1.98516157622570e-03
8.12830516164086e+04	-2.24926377756831e-04,-1.93910392218407e-03
8.31763771102658e+04	-2.25033731812857e-04,-1.89407474252446e-03
8.51138038202363e+04	-2.25130265675104e-04,-1.85005019046067e-03
8.70963589956067e+04	-2.25216187300094e-04,-1.80700695358605e-03
8.91250938133731e+04	-2.25291682410039e-04,-1.76492224165870e-03
9.12010839355895e+04	-2.25356914996234e-04,-1.72377377464899e-03
9.33254300796976e+04	-2.25412027600438e-04,-1.68353977110750e-03
9.54992586021420e+04	-2.25457141747530e-04,-1.64419893675834e-03
9.77237220955795e+04	-2.25492358172290e-04,-1.60573045340474e-03
1.00000000000000e+05	-2.25517757107998e-04,-1.56811396807514e-03